0.0502706  
-0.36339  
-0.846331  
-1.28841  
-1.4964  
-1.42971  
-1.22957  
-0.991365  
-0.619968  
-0.0084094  
0.702544  
1.17939  
1.24708  
1.07048  
0.896579  
0.691635  
0.187157  
-0.692747  
-1.59279  
-2.01257  
-1.77675  
-1.14088  
-0.473192  
0.0417942  
0.389249  
0.571197  
0.590218  
0.530276  
0.520641  
0.586449  
0.602939  
0.439914  
0.122147  
-0.173186  
-0.24249  
0.021617  
0.558102  
1.10617  
1.29438  
0.898864  
0.0782764  
-0.702458  
-1.05391  
-0.987677  
-0.854801  
-0.98483  
-1.38643  
-1.74492  
-1.66624  
-0.974504  
0.115522  
1.10057  
1.56471  
1.54163  
1.45688  
1.62079  
1.80747  
1.45461  
0.333087  
-1.07769  
-1.99195  
-2.0578  
-1.59294  
-1.1047  
-0.734804  
-0.278005  
0.366162  
0.959204  
1.19136  
1.06646  
0.912974  
1.03301  
1.40474  
1.7269  
1.69586  
1.23124  
0.497687  
-0.234758  
-0.772939  
-1.09436  
-1.27826  
-1.33365  
-1.12922  
-0.54791  
0.283796  
0.975832  
1.15098  
0.769594  
0.184665  
-0.143954  
-0.0340244  
0.270489  
0.339799  
-0.0052848  
-0.488508  
-0.660648  
-0.413818  
-0.139361  
-0.286467  
-0.782561  
-1.03425  
-0.58008  
0.34842  
1.04849  
1.10838  
0.800088  
0.66827  
0.85685  
0.982207  
0.628573  
-0.168649  
-0.954373  
-1.25827  
-0.924672  
-0.17571  
0.523914  
0.730528  
0.35526  
-0.196901  
-0.346419  
0.0749316  
0.616364  
0.702393  
0.306094  
-0.0298147  
0.096608  
0.380686  
0.144732  
-0.778737  
-1.69614  
-1.71954  
-0.714095  
0.56173  
1.28608  
1.406  
1.53743  
2.09208  
2.68669  
2.52936  
1.3452  
-0.222893  
-1.19915  
-1.20105  
-0.701522  
-0.410241  
-0.536203  
-0.732378  
-0.662367  
-0.439148  
-0.442268  
-0.819196  
-1.29899  
-1.49809  
-1.30562  
-0.920189  
-0.570876  
-0.292731  
0.0166588  
0.38819  
0.697343  
0.788978  
0.649021  
0.425322  
0.282244  
0.249565  
